(0, 64)	(256, 768)	-25.34735107421875
(32, 96)	(256, 768)	-23.58734130859375
(64, 128)	(256, 768)	-28.10003662109375
(96, 160)	(256, 768)	23.80889892578125
(128, 192)	(256, 768)	65.13665771484375
(160, 224)	(256, 768)	47.13995361328125
(0, 64)	(512, 1024)	2.48590087890625
(32, 96)	(512, 1024)	9.61346435546875
(64, 128)	(512, 1024)	2.15460205078125
(96, 160)	(512, 1024)	-1.73040771484375
(128, 192)	(512, 1024)	-1.02447509765625
(160, 224)	(512, 1024)	13.78692626953125
(192, 256)	(512, 1024)	30.24371337890625
(224, 288)	(512, 1024)	13.60345458984375
(256, 320)	(512, 1024)	11.19775390625
(288, 352)	(512, 1024)	4.7186279296875
(320, 384)	(512, 1024)	18.300537109375
(352, 416)	(512, 1024)	18.3804931640625
(384, 448)	(512, 1024)	2.1173095703125
(416, 480)	(512, 1024)	10.39361572265625
(0, 64)	(768, 1280)	0.95953369140625
(32, 96)	(768, 1280)	-0.41986083984375
(64, 128)	(768, 1280)	-3.48297119140625
(96, 160)	(768, 1280)	11.21917724609375
(128, 192)	(768, 1280)	3.21209716796875
(160, 224)	(768, 1280)	-9.10113525390625
(192, 256)	(768, 1280)	11.6446533203125
(224, 288)	(768, 1280)	0.7529296875
(256, 320)	(768, 1280)	-1.80145263671875
(288, 352)	(768, 1280)	0.45245361328125
(320, 384)	(768, 1280)	3.89935302734375
(352, 416)	(768, 1280)	-1.85888671875
(384, 448)	(768, 1280)	-12.13153076171875
(416, 480)	(768, 1280)	-13.31011962890625
(448, 512)	(768, 1280)	4.86956787109375
(480, 544)	(768, 1280)	9.41107177734375
(512, 576)	(768, 1280)	-7.21734619140625
(544, 608)	(768, 1280)	3.6243896484375
(576, 640)	(768, 1280)	-13.00994873046875
(608, 672)	(768, 1280)	3.44500732421875
(640, 704)	(768, 1280)	-2.62518310546875
(672, 736)	(768, 1280)	12.43157958984375
(0, 64)	(1024, 1536)	39.68994140625
(32, 96)	(1024, 1536)	25.0035400390625
(64, 128)	(1024, 1536)	-13.03118896484375
(96, 160)	(1024, 1536)	9.31396484375
(128, 192)	(1024, 1536)	0.02520751953125
(160, 224)	(1024, 1536)	1.37286376953125
(192, 256)	(1024, 1536)	12.47320556640625
(224, 288)	(1024, 1536)	3.35235595703125
(256, 320)	(1024, 1536)	-3.82135009765625
(288, 352)	(1024, 1536)	31.97760009765625
(320, 384)	(1024, 1536)	49.54766845703125
(352, 416)	(1024, 1536)	38.86895751953125
(384, 448)	(1024, 1536)	-4.77532958984375
(416, 480)	(1024, 1536)	-2.92095947265625
(448, 512)	(1024, 1536)	62.513916015625
(480, 544)	(1024, 1536)	74.64715576171875
(512, 576)	(1024, 1536)	-2.2998046875
(544, 608)	(1024, 1536)	-12.9381103515625
(576, 640)	(1024, 1536)	-13.75335693359375
(608, 672)	(1024, 1536)	-9.155029296875
(640, 704)	(1024, 1536)	-11.15093994140625
(672, 736)	(1024, 1536)	-5.90496826171875
(704, 768)	(1024, 1536)	-10.76629638671875
(736, 800)	(1024, 1536)	-9.41754150390625
(768, 832)	(1024, 1536)	-7.21270751953125
(800, 864)	(1024, 1536)	-11.85845947265625
(832, 896)	(1024, 1536)	-6.11181640625
(864, 928)	(1024, 1536)	-6.84088134765625
(896, 960)	(1024, 1536)	-7.5406494140625
(928, 992)	(1024, 1536)	-4.0418701171875
(0, 64)	(1280, 1792)	-5.9832763671875
(32, 96)	(1280, 1792)	-0.623291015625
(64, 128)	(1280, 1792)	-2.7327880859375
(96, 160)	(1280, 1792)	-0.2247314453125
(128, 192)	(1280, 1792)	7.31634521484375
(160, 224)	(1280, 1792)	24.18402099609375
(192, 256)	(1280, 1792)	16.008056640625
(224, 288)	(1280, 1792)	-2.5111083984375
(256, 320)	(1280, 1792)	-6.07427978515625
(288, 352)	(1280, 1792)	-3.6717529296875
(320, 384)	(1280, 1792)	-1.2158203125
(352, 416)	(1280, 1792)	3.82958984375
(384, 448)	(1280, 1792)	0.06256103515625
(416, 480)	(1280, 1792)	-1.1221923828125
(448, 512)	(1280, 1792)	1.3349609375
(480, 544)	(1280, 1792)	8.22747802734375
(512, 576)	(1280, 1792)	1.95550537109375
(544, 608)	(1280, 1792)	6.31732177734375
(576, 640)	(1280, 1792)	15.7069091796875
(608, 672)	(1280, 1792)	16.48956298828125
(640, 704)	(1280, 1792)	-1.0062255859375
(672, 736)	(1280, 1792)	-4.044189453125
(704, 768)	(1280, 1792)	-4.27386474609375
(736, 800)	(1280, 1792)	-6.51885986328125
(768, 832)	(1280, 1792)	-7.9520263671875
(800, 864)	(1280, 1792)	-11.40283203125
(832, 896)	(1280, 1792)	-6.47344970703125
(864, 928)	(1280, 1792)	-0.1666259765625
(896, 960)	(1280, 1792)	1.3245849609375
(928, 992)	(1280, 1792)	2.14410400390625
(960, 1024)	(1280, 1792)	-1.62603759765625
(992, 1056)	(1280, 1792)	-4.518310546875
(1024, 1088)	(1280, 1792)	-7.2977294921875
(1056, 1120)	(1280, 1792)	-7.127685546875
(1088, 1152)	(1280, 1792)	-2.3638916015625
(1120, 1184)	(1280, 1792)	-8.12841796875
(1152, 1216)	(1280, 1792)	-8.644775390625
(1184, 1248)	(1280, 1792)	-2.6630859375
(0, 64)	(1536, 2048)	-12.76068115234375
(32, 96)	(1536, 2048)	-7.58489990234375
(64, 128)	(1536, 2048)	-13.06939697265625
(96, 160)	(1536, 2048)	-20.39581298828125
(128, 192)	(1536, 2048)	7.48394775390625
(160, 224)	(1536, 2048)	13.0140380859375
(192, 256)	(1536, 2048)	-3.69293212890625
(224, 288)	(1536, 2048)	-6.71771240234375
(256, 320)	(1536, 2048)	-10.80767822265625
(288, 352)	(1536, 2048)	-17.60552978515625
(320, 384)	(1536, 2048)	-8.28363037109375
(352, 416)	(1536, 2048)	-11.24658203125
(384, 448)	(1536, 2048)	-11.39166259765625
(416, 480)	(1536, 2048)	-2.32098388671875
(448, 512)	(1536, 2048)	-8.36968994140625
(480, 544)	(1536, 2048)	-12.692626953125
(512, 576)	(1536, 2048)	-15.84136962890625
(544, 608)	(1536, 2048)	15.561767578125
(576, 640)	(1536, 2048)	14.92919921875
(608, 672)	(1536, 2048)	-7.04522705078125
(640, 704)	(1536, 2048)	-2.6602783203125
(672, 736)	(1536, 2048)	-12.50537109375
(704, 768)	(1536, 2048)	-19.95086669921875
(736, 800)	(1536, 2048)	-13.74224853515625
(768, 832)	(1536, 2048)	-13.0447998046875
(800, 864)	(1536, 2048)	-18.18768310546875
(832, 896)	(1536, 2048)	-14.23992919921875
(864, 928)	(1536, 2048)	-13.82208251953125
(896, 960)	(1536, 2048)	-14.17041015625
(928, 992)	(1536, 2048)	-8.30206298828125
(960, 1024)	(1536, 2048)	-9.76416015625
(992, 1056)	(1536, 2048)	-20.7396240234375
(1024, 1088)	(1536, 2048)	-20.16278076171875
(1056, 1120)	(1536, 2048)	-13.78155517578125
(1088, 1152)	(1536, 2048)	-3.44586181640625
(1120, 1184)	(1536, 2048)	-11.91607666015625
(1152, 1216)	(1536, 2048)	-18.357177734375
(1184, 1248)	(1536, 2048)	-18.05255126953125
(1216, 1280)	(1536, 2048)	-18.06463623046875
(1248, 1312)	(1536, 2048)	-9.4405517578125
(1280, 1344)	(1536, 2048)	-13.0938720703125
(1312, 1376)	(1536, 2048)	-2.68994140625
(1344, 1408)	(1536, 2048)	-3.49029541015625
(1376, 1440)	(1536, 2048)	-9.7305908203125
(1408, 1472)	(1536, 2048)	-15.7196044921875
(1440, 1504)	(1536, 2048)	-15.7562255859375
(0, 64)	(1792, 2304)	-7.3245849609375
(32, 96)	(1792, 2304)	-3.2581787109375
(64, 128)	(1792, 2304)	-8.86529541015625
(96, 160)	(1792, 2304)	-6.7689208984375
(128, 192)	(1792, 2304)	-7.999267578125
(160, 224)	(1792, 2304)	4.84332275390625
(192, 256)	(1792, 2304)	9.517578125
(224, 288)	(1792, 2304)	-1.34515380859375
(256, 320)	(1792, 2304)	-6.51531982421875
(288, 352)	(1792, 2304)	-7.66790771484375
(320, 384)	(1792, 2304)	-3.39874267578125
(352, 416)	(1792, 2304)	-6.615966796875
(384, 448)	(1792, 2304)	-0.68109130859375
(416, 480)	(1792, 2304)	-0.32989501953125
(448, 512)	(1792, 2304)	-3.68450927734375
(480, 544)	(1792, 2304)	-9.293212890625
(512, 576)	(1792, 2304)	-11.0260009765625
(544, 608)	(1792, 2304)	-4.3623046875
(576, 640)	(1792, 2304)	2.8380126953125
(608, 672)	(1792, 2304)	2.93963623046875
(640, 704)	(1792, 2304)	-2.4447021484375
(672, 736)	(1792, 2304)	-13.71746826171875
(704, 768)	(1792, 2304)	-10.0406494140625
(736, 800)	(1792, 2304)	-9.785400390625
(768, 832)	(1792, 2304)	-0.7139892578125
(800, 864)	(1792, 2304)	-2.37109375
(832, 896)	(1792, 2304)	-2.11669921875
(864, 928)	(1792, 2304)	0.836669921875
(896, 960)	(1792, 2304)	-7.49017333984375
(928, 992)	(1792, 2304)	-4.376708984375
(960, 1024)	(1792, 2304)	-5.4964599609375
(992, 1056)	(1792, 2304)	-9.32244873046875
(1024, 1088)	(1792, 2304)	-10.4573974609375
(1056, 1120)	(1792, 2304)	-10.54638671875
(1088, 1152)	(1792, 2304)	-3.84588623046875
(1120, 1184)	(1792, 2304)	-4.1029052734375
(1152, 1216)	(1792, 2304)	-7.3958740234375
(1184, 1248)	(1792, 2304)	-9.9630126953125
(1216, 1280)	(1792, 2304)	-16.9287109375
(1248, 1312)	(1792, 2304)	-10.37237548828125
(1280, 1344)	(1792, 2304)	-15.373046875
(1312, 1376)	(1792, 2304)	-3.29949951171875
(1344, 1408)	(1792, 2304)	26.630096435546875
(1376, 1440)	(1792, 2304)	14.2210693359375
(1408, 1472)	(1792, 2304)	8.40216064453125
(1440, 1504)	(1792, 2304)	4.6036376953125
(1472, 1536)	(1792, 2304)	7.3338623046875
(1504, 1568)	(1792, 2304)	0.8460693359375
(1536, 1600)	(1792, 2304)	3.350830078125
(1568, 1632)	(1792, 2304)	23.640777587890625
(1600, 1664)	(1792, 2304)	7.8912353515625
(1632, 1696)	(1792, 2304)	10.58746337890625
(1664, 1728)	(1792, 2304)	7.717529296875
(1696, 1760)	(1792, 2304)	8.2449951171875
(0, 64)	(2048, 2560)	-4.117919921875
(32, 96)	(2048, 2560)	-0.27593994140625
(64, 128)	(2048, 2560)	-5.49542236328125
(96, 160)	(2048, 2560)	9.14495849609375
(128, 192)	(2048, 2560)	4.83502197265625
(160, 224)	(2048, 2560)	12.10955810546875
(192, 256)	(2048, 2560)	1.805908203125
(224, 288)	(2048, 2560)	0.77459716796875
(256, 320)	(2048, 2560)	-3.05389404296875
(288, 352)	(2048, 2560)	-5.37493896484375
(320, 384)	(2048, 2560)	-2.17156982421875
(352, 416)	(2048, 2560)	-2.78717041015625
(384, 448)	(2048, 2560)	-2.13031005859375
(416, 480)	(2048, 2560)	2.999755859375
(448, 512)	(2048, 2560)	-9.64825439453125
(480, 544)	(2048, 2560)	2.69549560546875
(512, 576)	(2048, 2560)	9.99755859375
(544, 608)	(2048, 2560)	12.98541259765625
(576, 640)	(2048, 2560)	14.346923828125
(608, 672)	(2048, 2560)	-0.16522216796875
(640, 704)	(2048, 2560)	-3.676513671875
(672, 736)	(2048, 2560)	18.69744873046875
(704, 768)	(2048, 2560)	38.48907470703125
(736, 800)	(2048, 2560)	25.61627197265625
(768, 832)	(2048, 2560)	1.01898193359375
(800, 864)	(2048, 2560)	-2.07281494140625
(832, 896)	(2048, 2560)	-1.79010009765625
(864, 928)	(2048, 2560)	-1.91632080078125
(896, 960)	(2048, 2560)	27.67681884765625
(928, 992)	(2048, 2560)	28.89501953125
(960, 1024)	(2048, 2560)	16.80047607421875
(992, 1056)	(2048, 2560)	18.43829345703125
(1024, 1088)	(2048, 2560)	16.98687744140625
(1056, 1120)	(2048, 2560)	16.20208740234375
(1088, 1152)	(2048, 2560)	3.7779541015625
(1120, 1184)	(2048, 2560)	6.14410400390625
(1152, 1216)	(2048, 2560)	17.59130859375
(1184, 1248)	(2048, 2560)	12.809326171875
(1216, 1280)	(2048, 2560)	8.39239501953125
(1248, 1312)	(2048, 2560)	9.00726318359375
(1280, 1344)	(2048, 2560)	-0.4415283203125
(1312, 1376)	(2048, 2560)	8.55108642578125
(1344, 1408)	(2048, 2560)	8.04278564453125
(1376, 1440)	(2048, 2560)	15.34942626953125
(1408, 1472)	(2048, 2560)	16.59844970703125
(1440, 1504)	(2048, 2560)	22.77655029296875
(1472, 1536)	(2048, 2560)	17.95843505859375
(1504, 1568)	(2048, 2560)	1.63482666015625
(1536, 1600)	(2048, 2560)	-2.45867919921875
(1568, 1632)	(2048, 2560)	-3.70233154296875
(1600, 1664)	(2048, 2560)	13.95208740234375
(1632, 1696)	(2048, 2560)	15.04156494140625
(1664, 1728)	(2048, 2560)	10.54547119140625
(1696, 1760)	(2048, 2560)	9.5706787109375
(1728, 1792)	(2048, 2560)	-2.61553955078125
(1760, 1824)	(2048, 2560)	-3.45037841796875
(1792, 1856)	(2048, 2560)	-1.63555908203125
(1824, 1888)	(2048, 2560)	1.9578857421875
(1856, 1920)	(2048, 2560)	14.18377685546875
(1888, 1952)	(2048, 2560)	12.054931640625
(1920, 1984)	(2048, 2560)	-3.24102783203125
(1952, 2016)	(2048, 2560)	-6.0152587890625
(0, 64)	(2304, 2816)	-4.38836669921875
(32, 96)	(2304, 2816)	-3.92169189453125
(64, 128)	(2304, 2816)	-4.68804931640625
(96, 160)	(2304, 2816)	-9.20404052734375
(128, 192)	(2304, 2816)	-4.57025146484375
(160, 224)	(2304, 2816)	1.7027587890625
(192, 256)	(2304, 2816)	-2.680419921875
(224, 288)	(2304, 2816)	-1.47479248046875
(256, 320)	(2304, 2816)	-2.30718994140625
(288, 352)	(2304, 2816)	-5.60455322265625
(320, 384)	(2304, 2816)	-3.68670654296875
(352, 416)	(2304, 2816)	-5.72308349609375
(384, 448)	(2304, 2816)	-3.9378662109375
(416, 480)	(2304, 2816)	0.6041259765625
(448, 512)	(2304, 2816)	-14.572265625
(480, 544)	(2304, 2816)	-18.03521728515625
(512, 576)	(2304, 2816)	-10.57244873046875
(544, 608)	(2304, 2816)	4.44573974609375
(576, 640)	(2304, 2816)	1.853515625
(608, 672)	(2304, 2816)	3.89227294921875
(640, 704)	(2304, 2816)	14.57672119140625
(672, 736)	(2304, 2816)	1.10455322265625
(704, 768)	(2304, 2816)	-10.0443115234375
(736, 800)	(2304, 2816)	-11.33453369140625
(768, 832)	(2304, 2816)	-4.24249267578125
(800, 864)	(2304, 2816)	-5.76043701171875
(832, 896)	(2304, 2816)	5.12896728515625
(864, 928)	(2304, 2816)	-1.17095947265625
(896, 960)	(2304, 2816)	-5.71588134765625
(928, 992)	(2304, 2816)	-3.57745361328125
(960, 1024)	(2304, 2816)	10.5006103515625
(992, 1056)	(2304, 2816)	7.1942138671875
(1024, 1088)	(2304, 2816)	-6.14276123046875
(1056, 1120)	(2304, 2816)	5.7801513671875
(1088, 1152)	(2304, 2816)	9.18304443359375
(1120, 1184)	(2304, 2816)	-2.2403564453125
(1152, 1216)	(2304, 2816)	-2.44158935546875
(1184, 1248)	(2304, 2816)	-5.85784912109375
(1216, 1280)	(2304, 2816)	-8.75299072265625
(1248, 1312)	(2304, 2816)	-8.40142822265625
(1280, 1344)	(2304, 2816)	-13.80841064453125
(1312, 1376)	(2304, 2816)	0.77471923828125
(1344, 1408)	(2304, 2816)	4.24896240234375
(1376, 1440)	(2304, 2816)	-1.90509033203125
(1408, 1472)	(2304, 2816)	-1.3782958984375
(1440, 1504)	(2304, 2816)	-5.35089111328125
(1472, 1536)	(2304, 2816)	3.56842041015625
(1504, 1568)	(2304, 2816)	-2.2269287109375
(1536, 1600)	(2304, 2816)	-5.2935791015625
(1568, 1632)	(2304, 2816)	-1.46063232421875
(1600, 1664)	(2304, 2816)	-1.49273681640625
(1632, 1696)	(2304, 2816)	-3.19952392578125
(1664, 1728)	(2304, 2816)	-5.4375
(1696, 1760)	(2304, 2816)	0.49993896484375
(1728, 1792)	(2304, 2816)	0.9896240234375
(1760, 1824)	(2304, 2816)	4.93634033203125
(1792, 1856)	(2304, 2816)	4.0355224609375
(1824, 1888)	(2304, 2816)	1.55145263671875
(1856, 1920)	(2304, 2816)	-4.8255615234375
(1888, 1952)	(2304, 2816)	-1.46466064453125
(1920, 1984)	(2304, 2816)	-4.46044921875
(1952, 2016)	(2304, 2816)	0.40545654296875
(1984, 2048)	(2304, 2816)	9.688720703125
(2016, 2080)	(2304, 2816)	10.08135986328125
(2048, 2112)	(2304, 2816)	11.90704345703125
(2080, 2144)	(2304, 2816)	8.7974853515625
(2112, 2176)	(2304, 2816)	3.7518310546875
(2144, 2208)	(2304, 2816)	6.984375
(2176, 2240)	(2304, 2816)	3.6961669921875
(2208, 2272)	(2304, 2816)	-3.78857421875
(0, 64)	(2560, 3072)	78.14080810546875
(32, 96)	(2560, 3072)	73.06011962890625
(64, 128)	(2560, 3072)	8.78753662109375
(96, 160)	(2560, 3072)	7.6116943359375
(128, 192)	(2560, 3072)	-6.2607421875
(160, 224)	(2560, 3072)	23.4058837890625
(192, 256)	(2560, 3072)	95.1768798828125
(224, 288)	(2560, 3072)	53.3397216796875
(256, 320)	(2560, 3072)	13.0709228515625
(288, 352)	(2560, 3072)	60.64208984375
(320, 384)	(2560, 3072)	67.66552734375
(352, 416)	(2560, 3072)	63.22119140625
(384, 448)	(2560, 3072)	4.5775146484375
(416, 480)	(2560, 3072)	4.8095703125
(448, 512)	(2560, 3072)	99.93475341796875
(480, 544)	(2560, 3072)	92.46160888671875
(512, 576)	(2560, 3072)	-4.72467041015625
(544, 608)	(2560, 3072)	-0.877685546875
(576, 640)	(2560, 3072)	2.601318359375
(608, 672)	(2560, 3072)	4.377685546875
(640, 704)	(2560, 3072)	1.23431396484375
(672, 736)	(2560, 3072)	-0.85870361328125
(704, 768)	(2560, 3072)	-3.10662841796875
(736, 800)	(2560, 3072)	-1.95721435546875
(768, 832)	(2560, 3072)	1.80084228515625
(800, 864)	(2560, 3072)	-1.3094482421875
(832, 896)	(2560, 3072)	3.93695068359375
(864, 928)	(2560, 3072)	1.4556884765625
(896, 960)	(2560, 3072)	1.4892578125
(928, 992)	(2560, 3072)	1.54022216796875
(960, 1024)	(2560, 3072)	-2.7431640625
(992, 1056)	(2560, 3072)	-1.23272705078125
(1024, 1088)	(2560, 3072)	-1.582763671875
(1056, 1120)	(2560, 3072)	9.00286865234375
(1088, 1152)	(2560, 3072)	12.84014892578125
(1120, 1184)	(2560, 3072)	12.6865234375
(1152, 1216)	(2560, 3072)	2.21588134765625
(1184, 1248)	(2560, 3072)	-1.28094482421875
(1216, 1280)	(2560, 3072)	-2.88800048828125
(1248, 1312)	(2560, 3072)	19.031005859375
(1280, 1344)	(2560, 3072)	25.413818359375
(1312, 1376)	(2560, 3072)	64.00518798828125
(1344, 1408)	(2560, 3072)	40.90142822265625
(1376, 1440)	(2560, 3072)	1.9749755859375
(1408, 1472)	(2560, 3072)	-1.97607421875
(1440, 1504)	(2560, 3072)	-0.37689208984375
(1472, 1536)	(2560, 3072)	-0.2315673828125
(1504, 1568)	(2560, 3072)	66.17822265625
(1536, 1600)	(2560, 3072)	58.41192626953125
(1568, 1632)	(2560, 3072)	-0.61474609375
(1600, 1664)	(2560, 3072)	-1.3670654296875
(1632, 1696)	(2560, 3072)	-4.11541748046875
(1664, 1728)	(2560, 3072)	0.827880859375
(1696, 1760)	(2560, 3072)	0.328125
(1728, 1792)	(2560, 3072)	3.22613525390625
(1760, 1824)	(2560, 3072)	-3.5029296875
(1792, 1856)	(2560, 3072)	8.0838623046875
(1824, 1888)	(2560, 3072)	10.026611328125
(1856, 1920)	(2560, 3072)	-4.77703857421875
(1888, 1952)	(2560, 3072)	-2.47064208984375
(1920, 1984)	(2560, 3072)	-2.55029296875
(1952, 2016)	(2560, 3072)	-5.54833984375
(1984, 2048)	(2560, 3072)	-1.0604248046875
(2016, 2080)	(2560, 3072)	-1.0732421875
(2048, 2112)	(2560, 3072)	-1.310791015625
(2080, 2144)	(2560, 3072)	1.4998779296875
(2112, 2176)	(2560, 3072)	1.32464599609375
(2144, 2208)	(2560, 3072)	-2.928466796875
(2176, 2240)	(2560, 3072)	14.0357666015625
(2208, 2272)	(2560, 3072)	14.9720458984375
(2240, 2304)	(2560, 3072)	-0.7733154296875
(2272, 2336)	(2560, 3072)	-2.21441650390625
(2304, 2368)	(2560, 3072)	-1.66510009765625
(2336, 2400)	(2560, 3072)	-1.4317626953125
(2368, 2432)	(2560, 3072)	-4.70416259765625
(2400, 2464)	(2560, 3072)	0.4012451171875
(2432, 2496)	(2560, 3072)	-5.5941162109375
(2464, 2528)	(2560, 3072)	-4.035888671875
(0, 64)	(2816, 3328)	9.29107666015625
(32, 96)	(2816, 3328)	16.251708984375
(64, 128)	(2816, 3328)	6.72235107421875
(96, 160)	(2816, 3328)	6.53973388671875
(128, 192)	(2816, 3328)	1.0062255859375
(160, 224)	(2816, 3328)	6.11199951171875
(192, 256)	(2816, 3328)	26.73590087890625
(224, 288)	(2816, 3328)	64.45794677734375
(256, 320)	(2816, 3328)	100.14263916015625
(288, 352)	(2816, 3328)	44.00213623046875
(320, 384)	(2816, 3328)	13.57501220703125
(352, 416)	(2816, 3328)	9.5941162109375
(384, 448)	(2816, 3328)	7.95953369140625
(416, 480)	(2816, 3328)	12.62164306640625
(448, 512)	(2816, 3328)	6.3154296875
(480, 544)	(2816, 3328)	7.48944091796875
(512, 576)	(2816, 3328)	3.8265380859375
(544, 608)	(2816, 3328)	4.67169189453125
(576, 640)	(2816, 3328)	0.67999267578125
(608, 672)	(2816, 3328)	3.36529541015625
(640, 704)	(2816, 3328)	6.51995849609375
(672, 736)	(2816, 3328)	1.41131591796875
(704, 768)	(2816, 3328)	1.11639404296875
(736, 800)	(2816, 3328)	2.07513427734375
(768, 832)	(2816, 3328)	10.50775146484375
(800, 864)	(2816, 3328)	8.5345458984375
(832, 896)	(2816, 3328)	5.42388916015625
(864, 928)	(2816, 3328)	3.0906982421875
(896, 960)	(2816, 3328)	5.3765869140625
(928, 992)	(2816, 3328)	5.9803466796875
(960, 1024)	(2816, 3328)	7.96807861328125
(992, 1056)	(2816, 3328)	1.79901123046875
(1024, 1088)	(2816, 3328)	1.7633056640625
(1056, 1120)	(2816, 3328)	6.38641357421875
(1088, 1152)	(2816, 3328)	6.39300537109375
(1120, 1184)	(2816, 3328)	10.93548583984375
(1152, 1216)	(2816, 3328)	2.83245849609375
(1184, 1248)	(2816, 3328)	3.11651611328125
(1216, 1280)	(2816, 3328)	-0.95611572265625
(1248, 1312)	(2816, 3328)	0.60968017578125
(1280, 1344)	(2816, 3328)	4.5943603515625
(1312, 1376)	(2816, 3328)	6.17706298828125
(1344, 1408)	(2816, 3328)	9.7242431640625
(1376, 1440)	(2816, 3328)	7.57757568359375
(1408, 1472)	(2816, 3328)	3.04254150390625
(1440, 1504)	(2816, 3328)	3.30792236328125
(1472, 1536)	(2816, 3328)	4.84344482421875
(1504, 1568)	(2816, 3328)	10.0751953125
(1536, 1600)	(2816, 3328)	7.51666259765625
(1568, 1632)	(2816, 3328)	0.68316650390625
(1600, 1664)	(2816, 3328)	3.90325927734375
(1632, 1696)	(2816, 3328)	4.64300537109375
(1664, 1728)	(2816, 3328)	4.26007080078125
(1696, 1760)	(2816, 3328)	2.37176513671875
(1728, 1792)	(2816, 3328)	4.78546142578125
(1760, 1824)	(2816, 3328)	1.39129638671875
(1792, 1856)	(2816, 3328)	1.61322021484375
(1824, 1888)	(2816, 3328)	2.64251708984375
(1856, 1920)	(2816, 3328)	3.4993896484375
(1888, 1952)	(2816, 3328)	4.58453369140625
(1920, 1984)	(2816, 3328)	2.37725830078125
(1952, 2016)	(2816, 3328)	3.65216064453125
(1984, 2048)	(2816, 3328)	4.67401123046875
(2016, 2080)	(2816, 3328)	4.84503173828125
(2048, 2112)	(2816, 3328)	3.328369140625
(2080, 2144)	(2816, 3328)	4.95062255859375
(2112, 2176)	(2816, 3328)	2.78692626953125
(2144, 2208)	(2816, 3328)	-1.50433349609375
(2176, 2240)	(2816, 3328)	-2.74200439453125
(2208, 2272)	(2816, 3328)	0.75750732421875
(2240, 2304)	(2816, 3328)	4.72613525390625
(2272, 2336)	(2816, 3328)	2.86077880859375
(2304, 2368)	(2816, 3328)	0.4404296875
(2336, 2400)	(2816, 3328)	1.00885009765625
(2368, 2432)	(2816, 3328)	1.44317626953125
(2400, 2464)	(2816, 3328)	1.46697998046875
(2432, 2496)	(2816, 3328)	2.2294921875
(2464, 2528)	(2816, 3328)	1.52471923828125
(2496, 2560)	(2816, 3328)	1.76275634765625
(2528, 2592)	(2816, 3328)	4.616943359375
(2560, 2624)	(2816, 3328)	5.1025390625
(2592, 2656)	(2816, 3328)	0.482666015625
(2624, 2688)	(2816, 3328)	2.39874267578125
(2656, 2720)	(2816, 3328)	0.43804931640625
(2688, 2752)	(2816, 3328)	0.52423095703125
(2720, 2784)	(2816, 3328)	4.36181640625
(0, 64)	(3072, 3584)	2.55908203125
(32, 96)	(3072, 3584)	39.739501953125
(64, 128)	(3072, 3584)	36.6334228515625
(96, 160)	(3072, 3584)	6.19244384765625
(128, 192)	(3072, 3584)	-0.814697265625
(160, 224)	(3072, 3584)	1.8104248046875
(192, 256)	(3072, 3584)	6.6591796875
(224, 288)	(3072, 3584)	5.46343994140625
(256, 320)	(3072, 3584)	-3.9771728515625
(288, 352)	(3072, 3584)	-8.8045654296875
(320, 384)	(3072, 3584)	6.56817626953125
(352, 416)	(3072, 3584)	8.79595947265625
(384, 448)	(3072, 3584)	0.86968994140625
(416, 480)	(3072, 3584)	2.22869873046875
(448, 512)	(3072, 3584)	-2.23016357421875
(480, 544)	(3072, 3584)	-1.001953125
(512, 576)	(3072, 3584)	-1.99505615234375
(544, 608)	(3072, 3584)	1.5511474609375
(576, 640)	(3072, 3584)	0.2274169921875
(608, 672)	(3072, 3584)	-1.6573486328125
(640, 704)	(3072, 3584)	-0.78125
(672, 736)	(3072, 3584)	-2.4425048828125
(704, 768)	(3072, 3584)	1.68353271484375
(736, 800)	(3072, 3584)	0.8067626953125
(768, 832)	(3072, 3584)	2.705322265625
(800, 864)	(3072, 3584)	-0.199951171875
(832, 896)	(3072, 3584)	-2.3526611328125
(864, 928)	(3072, 3584)	1.78314208984375
(896, 960)	(3072, 3584)	0.47430419921875
(928, 992)	(3072, 3584)	1.84649658203125
(960, 1024)	(3072, 3584)	2.2957763671875
(992, 1056)	(3072, 3584)	-0.51617431640625
(1024, 1088)	(3072, 3584)	-0.8836669921875
(1056, 1120)	(3072, 3584)	2.290283203125
(1088, 1152)	(3072, 3584)	1.47064208984375
(1120, 1184)	(3072, 3584)	-0.26953125
(1152, 1216)	(3072, 3584)	-3.47259521484375
(1184, 1248)	(3072, 3584)	-5.239501953125
(1216, 1280)	(3072, 3584)	-6.2960205078125
(1248, 1312)	(3072, 3584)	-7.67974853515625
(1280, 1344)	(3072, 3584)	-6.8104248046875
(1312, 1376)	(3072, 3584)	-4.25970458984375
(1344, 1408)	(3072, 3584)	2.7650146484375
(1376, 1440)	(3072, 3584)	-1.314208984375
(1408, 1472)	(3072, 3584)	-3.6978759765625
(1440, 1504)	(3072, 3584)	-2.59515380859375
(1472, 1536)	(3072, 3584)	1.818603515625
(1504, 1568)	(3072, 3584)	1.8328857421875
(1536, 1600)	(3072, 3584)	0.9755859375
(1568, 1632)	(3072, 3584)	-3.05499267578125
(1600, 1664)	(3072, 3584)	-0.9449462890625
(1632, 1696)	(3072, 3584)	-2.251220703125
(1664, 1728)	(3072, 3584)	-4.50927734375
(1696, 1760)	(3072, 3584)	-2.96923828125
(1728, 1792)	(3072, 3584)	2.47412109375
(1760, 1824)	(3072, 3584)	1.6458740234375
(1792, 1856)	(3072, 3584)	0.294921875
(1824, 1888)	(3072, 3584)	0.22808837890625
(1856, 1920)	(3072, 3584)	-6.2918701171875
(1888, 1952)	(3072, 3584)	-0.485107421875
(1920, 1984)	(3072, 3584)	-2.5516357421875
(1952, 2016)	(3072, 3584)	-0.534912109375
(1984, 2048)	(3072, 3584)	3.5087890625
(2016, 2080)	(3072, 3584)	1.8466796875
(2048, 2112)	(3072, 3584)	1.035888671875
(2080, 2144)	(3072, 3584)	-0.53143310546875
(2112, 2176)	(3072, 3584)	-2.605224609375
(2144, 2208)	(3072, 3584)	-1.79425048828125
(2176, 2240)	(3072, 3584)	0.3109130859375
(2208, 2272)	(3072, 3584)	-0.37823486328125
(2240, 2304)	(3072, 3584)	-0.76953125
(2272, 2336)	(3072, 3584)	1.1209716796875
(2304, 2368)	(3072, 3584)	1.556640625
(2336, 2400)	(3072, 3584)	-2.4078369140625
(2368, 2432)	(3072, 3584)	-4.71612548828125
(2400, 2464)	(3072, 3584)	-0.90704345703125
(2432, 2496)	(3072, 3584)	3.87353515625
(2464, 2528)	(3072, 3584)	-2.3382568359375
(2496, 2560)	(3072, 3584)	0.544921875
(2528, 2592)	(3072, 3584)	-2.4986572265625
(2560, 2624)	(3072, 3584)	-0.11529541015625
(2592, 2656)	(3072, 3584)	-1.390625
(2624, 2688)	(3072, 3584)	-0.90142822265625
(2656, 2720)	(3072, 3584)	-5.28997802734375
(2688, 2752)	(3072, 3584)	-2.5712890625
(2720, 2784)	(3072, 3584)	2.1177978515625
(2752, 2816)	(3072, 3584)	-2.70941162109375
(2784, 2848)	(3072, 3584)	-4.7158203125
(2816, 2880)	(3072, 3584)	1.77215576171875
(2848, 2912)	(3072, 3584)	9.6417236328125
(2880, 2944)	(3072, 3584)	6.98663330078125
(2912, 2976)	(3072, 3584)	5.64794921875
(2944, 3008)	(3072, 3584)	8.08624267578125
(2976, 3040)	(3072, 3584)	3.996337890625
(0, 64)	(3328, 3840)	-12.96392822265625
(32, 96)	(3328, 3840)	-13.07550048828125
(64, 128)	(3328, 3840)	15.8421630859375
(96, 160)	(3328, 3840)	16.82928466796875
(128, 192)	(3328, 3840)	-17.75189208984375
(160, 224)	(3328, 3840)	-14.395263671875
(192, 256)	(3328, 3840)	-6.82183837890625
(224, 288)	(3328, 3840)	-10.59588623046875
(256, 320)	(3328, 3840)	-12.8603515625
(288, 352)	(3328, 3840)	25.56219482421875
(320, 384)	(3328, 3840)	61.66790771484375
(352, 416)	(3328, 3840)	10.20843505859375
(384, 448)	(3328, 3840)	-18.01275634765625
(416, 480)	(3328, 3840)	-18.17449951171875
(448, 512)	(3328, 3840)	1.3009033203125
(480, 544)	(3328, 3840)	2.224365234375
(512, 576)	(3328, 3840)	-14.40252685546875
(544, 608)	(3328, 3840)	-16.44134521484375
(576, 640)	(3328, 3840)	-16.5701904296875
(608, 672)	(3328, 3840)	-17.7574462890625
(640, 704)	(3328, 3840)	-18.1358642578125
(672, 736)	(3328, 3840)	-18.89691162109375
(704, 768)	(3328, 3840)	-18.1534423828125
(736, 800)	(3328, 3840)	-13.73931884765625
(768, 832)	(3328, 3840)	-13.97674560546875
(800, 864)	(3328, 3840)	-16.72625732421875
(832, 896)	(3328, 3840)	-18.54449462890625
(864, 928)	(3328, 3840)	-18.91143798828125
(896, 960)	(3328, 3840)	-16.29107666015625
(928, 992)	(3328, 3840)	-14.5792236328125
(960, 1024)	(3328, 3840)	-13.81591796875
(992, 1056)	(3328, 3840)	-19.25946044921875
(1024, 1088)	(3328, 3840)	-18.63519287109375
(1056, 1120)	(3328, 3840)	-16.62518310546875
(1088, 1152)	(3328, 3840)	-16.99755859375
(1120, 1184)	(3328, 3840)	-16.87506103515625
(1152, 1216)	(3328, 3840)	-17.619873046875
(1184, 1248)	(3328, 3840)	-19.47222900390625
(1216, 1280)	(3328, 3840)	-19.96258544921875
(1248, 1312)	(3328, 3840)	2.79302978515625
(1280, 1344)	(3328, 3840)	5.76177978515625
(1312, 1376)	(3328, 3840)	-18.26409912109375
(1344, 1408)	(3328, 3840)	-16.33441162109375
(1376, 1440)	(3328, 3840)	-22.4078369140625
(1408, 1472)	(3328, 3840)	-21.63873291015625
(1440, 1504)	(3328, 3840)	-18.4041748046875
(1472, 1536)	(3328, 3840)	-19.01739501953125
(1504, 1568)	(3328, 3840)	-13.1473388671875
(1536, 1600)	(3328, 3840)	-15.434326171875
(1568, 1632)	(3328, 3840)	-24.90179443359375
(1600, 1664)	(3328, 3840)	-19.4984130859375
(1632, 1696)	(3328, 3840)	-19.90625
(1664, 1728)	(3328, 3840)	-23.94134521484375
(1696, 1760)	(3328, 3840)	-19.92254638671875
(1728, 1792)	(3328, 3840)	-16.02166748046875
(1760, 1824)	(3328, 3840)	-20.01922607421875
(1792, 1856)	(3328, 3840)	-21.0980224609375
(1824, 1888)	(3328, 3840)	-23.04058837890625
(1856, 1920)	(3328, 3840)	-20.89947509765625
(1888, 1952)	(3328, 3840)	-14.3568115234375
(1920, 1984)	(3328, 3840)	-17.33203125
(1952, 2016)	(3328, 3840)	-18.2705078125
(1984, 2048)	(3328, 3840)	-13.9305419921875
(2016, 2080)	(3328, 3840)	-18.26824951171875
(2048, 2112)	(3328, 3840)	-18.465576171875
(2080, 2144)	(3328, 3840)	-20.72076416015625
(2112, 2176)	(3328, 3840)	-18.59490966796875
(2144, 2208)	(3328, 3840)	-17.12469482421875
(2176, 2240)	(3328, 3840)	-18.60223388671875
(2208, 2272)	(3328, 3840)	-15.32244873046875
(2240, 2304)	(3328, 3840)	-11.57489013671875
(2272, 2336)	(3328, 3840)	-14.10772705078125
(2304, 2368)	(3328, 3840)	-16.03778076171875
(2336, 2400)	(3328, 3840)	-19.61505126953125
(2368, 2432)	(3328, 3840)	-20.71490478515625
(2400, 2464)	(3328, 3840)	-16.479248046875
(2432, 2496)	(3328, 3840)	-15.02069091796875
(2464, 2528)	(3328, 3840)	-20.81915283203125
(2496, 2560)	(3328, 3840)	-16.42144775390625
(2528, 2592)	(3328, 3840)	-14.21124267578125
(2560, 2624)	(3328, 3840)	-17.7662353515625
(2592, 2656)	(3328, 3840)	-17.138671875
(2624, 2688)	(3328, 3840)	-19.587158203125
(2656, 2720)	(3328, 3840)	-23.08441162109375
(2688, 2752)	(3328, 3840)	-21.01214599609375
(2720, 2784)	(3328, 3840)	-14.97503662109375
(2752, 2816)	(3328, 3840)	-19.303466796875
(2784, 2848)	(3328, 3840)	9.36376953125
(2816, 2880)	(3328, 3840)	9.97003173828125
(2848, 2912)	(3328, 3840)	-12.8289794921875
(2880, 2944)	(3328, 3840)	-11.34027099609375
(2912, 2976)	(3328, 3840)	-5.06878662109375
(2944, 3008)	(3328, 3840)	-6.99957275390625
(2976, 3040)	(3328, 3840)	-15.1456298828125
(3008, 3072)	(3328, 3840)	-14.98028564453125
(3040, 3104)	(3328, 3840)	-8.772216796875
(3072, 3136)	(3328, 3840)	-8.17034912109375
(3104, 3168)	(3328, 3840)	-9.04559326171875
(3136, 3200)	(3328, 3840)	-11.29840087890625
(3168, 3232)	(3328, 3840)	-14.48773193359375
(3200, 3264)	(3328, 3840)	-17.0123291015625
(3232, 3296)	(3328, 3840)	-16.71539306640625
(0, 64)	(3584, 4096)	31.83502197265625
(32, 96)	(3584, 4096)	1.83538818359375
(64, 128)	(3584, 4096)	-2.292724609375
(96, 160)	(3584, 4096)	-3.369140625
(128, 192)	(3584, 4096)	-0.818115234375
(160, 224)	(3584, 4096)	9.0635986328125
(192, 256)	(3584, 4096)	34.527587890625
(224, 288)	(3584, 4096)	16.7332763671875
(256, 320)	(3584, 4096)	-3.2529296875
(288, 352)	(3584, 4096)	-5.3525390625
(320, 384)	(3584, 4096)	4.3719482421875
(352, 416)	(3584, 4096)	72.21502685546875
(384, 448)	(3584, 4096)	49.464111328125
(416, 480)	(3584, 4096)	6.33782958984375
(448, 512)	(3584, 4096)	12.109619140625
(480, 544)	(3584, 4096)	8.4417724609375
(512, 576)	(3584, 4096)	-0.87451171875
(544, 608)	(3584, 4096)	2.04693603515625
(576, 640)	(3584, 4096)	8.81268310546875
(608, 672)	(3584, 4096)	9.2178955078125
(640, 704)	(3584, 4096)	5.12823486328125
(672, 736)	(3584, 4096)	0.2388916015625
(704, 768)	(3584, 4096)	0.1580810546875
(736, 800)	(3584, 4096)	0.10467529296875
(768, 832)	(3584, 4096)	1.83740234375
(800, 864)	(3584, 4096)	0.4722900390625
(832, 896)	(3584, 4096)	6.093505859375
(864, 928)	(3584, 4096)	6.2445068359375
(896, 960)	(3584, 4096)	0.2943115234375
(928, 992)	(3584, 4096)	0.6016845703125
(960, 1024)	(3584, 4096)	-0.222412109375
(992, 1056)	(3584, 4096)	-2.2333984375
(1024, 1088)	(3584, 4096)	-0.12091064453125
(1056, 1120)	(3584, 4096)	-1.53021240234375
(1088, 1152)	(3584, 4096)	1.98583984375
(1120, 1184)	(3584, 4096)	0.1527099609375
(1152, 1216)	(3584, 4096)	-0.9566650390625
(1184, 1248)	(3584, 4096)	0.7108154296875
(1216, 1280)	(3584, 4096)	0.2974853515625
(1248, 1312)	(3584, 4096)	5.76251220703125
(1280, 1344)	(3584, 4096)	3.564453125
(1312, 1376)	(3584, 4096)	-1.865234375
(1344, 1408)	(3584, 4096)	-0.29095458984375
(1376, 1440)	(3584, 4096)	-2.5704345703125
(1408, 1472)	(3584, 4096)	-1.322021484375
(1440, 1504)	(3584, 4096)	-1.783447265625
(1472, 1536)	(3584, 4096)	2.88702392578125
(1504, 1568)	(3584, 4096)	9.366943359375
(1536, 1600)	(3584, 4096)	2.91632080078125
(1568, 1632)	(3584, 4096)	2.066650390625
(1600, 1664)	(3584, 4096)	1.34564208984375
(1632, 1696)	(3584, 4096)	-2.7818603515625
(1664, 1728)	(3584, 4096)	-2.40985107421875
(1696, 1760)	(3584, 4096)	-2.8677978515625
(1728, 1792)	(3584, 4096)	-1.0538330078125
(1760, 1824)	(3584, 4096)	-0.25579833984375
(1792, 1856)	(3584, 4096)	0.9537353515625
(1824, 1888)	(3584, 4096)	1.09564208984375
(1856, 1920)	(3584, 4096)	-1.54351806640625
(1888, 1952)	(3584, 4096)	-3.305908203125
(1920, 1984)	(3584, 4096)	-3.439208984375
(1952, 2016)	(3584, 4096)	0.20562744140625
(1984, 2048)	(3584, 4096)	-2.554443359375
(2016, 2080)	(3584, 4096)	-1.96142578125
(2048, 2112)	(3584, 4096)	5.48651123046875
(2080, 2144)	(3584, 4096)	4.17730712890625
(2112, 2176)	(3584, 4096)	-2.14337158203125
(2144, 2208)	(3584, 4096)	-4.07464599609375
(2176, 2240)	(3584, 4096)	0.6998291015625
(2208, 2272)	(3584, 4096)	1.6348876953125
(2240, 2304)	(3584, 4096)	-2.0439453125
(2272, 2336)	(3584, 4096)	-3.64105224609375
(2304, 2368)	(3584, 4096)	-5.9317626953125
(2336, 2400)	(3584, 4096)	-2.7215576171875
(2368, 2432)	(3584, 4096)	0.974853515625
(2400, 2464)	(3584, 4096)	-5.9337158203125
(2432, 2496)	(3584, 4096)	-2.8546142578125
(2464, 2528)	(3584, 4096)	-0.4306640625
(2496, 2560)	(3584, 4096)	-0.9671630859375
(2528, 2592)	(3584, 4096)	-4.1461181640625
(2560, 2624)	(3584, 4096)	-3.46258544921875
(2592, 2656)	(3584, 4096)	-3.3983154296875
(2624, 2688)	(3584, 4096)	-3.36737060546875
(2656, 2720)	(3584, 4096)	-5.0408935546875
(2688, 2752)	(3584, 4096)	-4.99554443359375
(2720, 2784)	(3584, 4096)	-3.2042236328125
(2752, 2816)	(3584, 4096)	-5.5706787109375
(2784, 2848)	(3584, 4096)	3.484619140625
(2816, 2880)	(3584, 4096)	2.539306640625
(2848, 2912)	(3584, 4096)	1.1019287109375
(2880, 2944)	(3584, 4096)	29.47686767578125
(2912, 2976)	(3584, 4096)	29.224609375
(2944, 3008)	(3584, 4096)	3.6942138671875
(2976, 3040)	(3584, 4096)	8.7508544921875
(3008, 3072)	(3584, 4096)	13.38525390625
(3040, 3104)	(3584, 4096)	7.6829833984375
(3072, 3136)	(3584, 4096)	7.62664794921875
(3104, 3168)	(3584, 4096)	4.1070556640625
(3136, 3200)	(3584, 4096)	1.1129150390625
(3168, 3232)	(3584, 4096)	1.9527587890625
(3200, 3264)	(3584, 4096)	-1.40118408203125
(3232, 3296)	(3584, 4096)	-4.886474609375
(3264, 3328)	(3584, 4096)	-0.7552490234375
(3296, 3360)	(3584, 4096)	0.2230224609375
(3328, 3392)	(3584, 4096)	3.2191162109375
(3360, 3424)	(3584, 4096)	-2.6549072265625
(3392, 3456)	(3584, 4096)	-2.029541015625
(3424, 3488)	(3584, 4096)	-1.934326171875
(3456, 3520)	(3584, 4096)	-1.6546630859375
(3488, 3552)	(3584, 4096)	-4.02301025390625
(0, 64)	(3840, 4352)	11.19146728515625
(32, 96)	(3840, 4352)	9.9930419921875
(64, 128)	(3840, 4352)	2.01812744140625
(96, 160)	(3840, 4352)	4.35638427734375
(128, 192)	(3840, 4352)	8.1431884765625
(160, 224)	(3840, 4352)	15.21600341796875
(192, 256)	(3840, 4352)	25.10546875
(224, 288)	(3840, 4352)	14.53436279296875
(256, 320)	(3840, 4352)	4.18316650390625
(288, 352)	(3840, 4352)	1.08294677734375
(320, 384)	(3840, 4352)	6.46319580078125
(352, 416)	(3840, 4352)	33.18756103515625
(384, 448)	(3840, 4352)	95.74517822265625
(416, 480)	(3840, 4352)	75.99359130859375
(448, 512)	(3840, 4352)	13.17718505859375
(480, 544)	(3840, 4352)	8.10382080078125
(512, 576)	(3840, 4352)	6.78558349609375
(544, 608)	(3840, 4352)	7.5826416015625
(576, 640)	(3840, 4352)	8.37109375
(608, 672)	(3840, 4352)	8.3865966796875
(640, 704)	(3840, 4352)	10.74908447265625
(672, 736)	(3840, 4352)	8.02984619140625
(704, 768)	(3840, 4352)	4.04046630859375
(736, 800)	(3840, 4352)	8.82476806640625
(768, 832)	(3840, 4352)	10.13458251953125
(800, 864)	(3840, 4352)	8.14532470703125
(832, 896)	(3840, 4352)	9.77044677734375
(864, 928)	(3840, 4352)	7.41339111328125
(896, 960)	(3840, 4352)	6.1495361328125
(928, 992)	(3840, 4352)	8.24652099609375
(960, 1024)	(3840, 4352)	9.3958740234375
(992, 1056)	(3840, 4352)	4.92352294921875
(1024, 1088)	(3840, 4352)	7.50836181640625
(1056, 1120)	(3840, 4352)	2.36151123046875
(1088, 1152)	(3840, 4352)	0.96722412109375
(1120, 1184)	(3840, 4352)	5.53131103515625
(1152, 1216)	(3840, 4352)	6.32916259765625
(1184, 1248)	(3840, 4352)	5.65386962890625
(1216, 1280)	(3840, 4352)	4.05657958984375
(1248, 1312)	(3840, 4352)	6.21490478515625
(1280, 1344)	(3840, 4352)	7.41143798828125
(1312, 1376)	(3840, 4352)	1.93292236328125
(1344, 1408)	(3840, 4352)	5.05572509765625
(1376, 1440)	(3840, 4352)	5.9132080078125
(1408, 1472)	(3840, 4352)	4.10394287109375
(1440, 1504)	(3840, 4352)	6.0426025390625
(1472, 1536)	(3840, 4352)	5.64044189453125
(1504, 1568)	(3840, 4352)	7.65460205078125
(1536, 1600)	(3840, 4352)	7.79376220703125
(1568, 1632)	(3840, 4352)	7.814208984375
(1600, 1664)	(3840, 4352)	4.37652587890625
(1632, 1696)	(3840, 4352)	2.52752685546875
(1664, 1728)	(3840, 4352)	6.73150634765625
(1696, 1760)	(3840, 4352)	5.9931640625
(1728, 1792)	(3840, 4352)	5.83856201171875
(1760, 1824)	(3840, 4352)	8.92474365234375
(1792, 1856)	(3840, 4352)	8.7608642578125
(1824, 1888)	(3840, 4352)	4.04840087890625
(1856, 1920)	(3840, 4352)	5.88055419921875
(1888, 1952)	(3840, 4352)	4.49517822265625
(1920, 1984)	(3840, 4352)	2.927734375
(1952, 2016)	(3840, 4352)	1.307861328125
(1984, 2048)	(3840, 4352)	3.97454833984375
(2016, 2080)	(3840, 4352)	6.32794189453125
(2048, 2112)	(3840, 4352)	6.7930908203125
(2080, 2144)	(3840, 4352)	8.218505859375
(2112, 2176)	(3840, 4352)	7.51263427734375
(2144, 2208)	(3840, 4352)	3.56365966796875
(2176, 2240)	(3840, 4352)	1.083984375
(2208, 2272)	(3840, 4352)	5.02471923828125
(2240, 2304)	(3840, 4352)	5.9737548828125
(2272, 2336)	(3840, 4352)	5.23321533203125
(2304, 2368)	(3840, 4352)	3.6658935546875
(2336, 2400)	(3840, 4352)	5.7572021484375
(2368, 2432)	(3840, 4352)	4.91802978515625
(2400, 2464)	(3840, 4352)	4.79388427734375
(2432, 2496)	(3840, 4352)	3.96502685546875
(2464, 2528)	(3840, 4352)	2.996826171875
(2496, 2560)	(3840, 4352)	4.67681884765625
(2528, 2592)	(3840, 4352)	3.45928955078125
(2560, 2624)	(3840, 4352)	3.16400146484375
(2592, 2656)	(3840, 4352)	5.467041015625
(2624, 2688)	(3840, 4352)	5.4947509765625
(2656, 2720)	(3840, 4352)	2.45013427734375
(2688, 2752)	(3840, 4352)	5.80450439453125
(2720, 2784)	(3840, 4352)	4.70074462890625
(2752, 2816)	(3840, 4352)	5.13763427734375
(2784, 2848)	(3840, 4352)	9.65435791015625
(2816, 2880)	(3840, 4352)	11.2303466796875
(2848, 2912)	(3840, 4352)	8.33966064453125
(2880, 2944)	(3840, 4352)	18.6993408203125
(2912, 2976)	(3840, 4352)	20.30584716796875
(2944, 3008)	(3840, 4352)	12.90264892578125
(2976, 3040)	(3840, 4352)	2.95440673828125
(3008, 3072)	(3840, 4352)	22.76556396484375
(3040, 3104)	(3840, 4352)	27.32379150390625
(3072, 3136)	(3840, 4352)	17.3470458984375
(3104, 3168)	(3840, 4352)	11.327880859375
(3136, 3200)	(3840, 4352)	9.31268310546875
(3168, 3232)	(3840, 4352)	9.94085693359375
(3200, 3264)	(3840, 4352)	4.79290771484375
(3232, 3296)	(3840, 4352)	11.82684326171875
(3264, 3328)	(3840, 4352)	15.94757080078125
(3296, 3360)	(3840, 4352)	12.7996826171875
(3328, 3392)	(3840, 4352)	12.93658447265625
(3360, 3424)	(3840, 4352)	6.76959228515625
(3392, 3456)	(3840, 4352)	0.43560791015625
(3424, 3488)	(3840, 4352)	7.48651123046875
(3456, 3520)	(3840, 4352)	5.8299560546875
(3488, 3552)	(3840, 4352)	2.85333251953125
(3520, 3584)	(3840, 4352)	10.28729248046875
(3552, 3616)	(3840, 4352)	18.53802490234375
(3584, 3648)	(3840, 4352)	13.09783935546875
(3616, 3680)	(3840, 4352)	12.66253662109375
(3648, 3712)	(3840, 4352)	8.00274658203125
(3680, 3744)	(3840, 4352)	9.15740966796875
(3712, 3776)	(3840, 4352)	15.18792724609375
(3744, 3808)	(3840, 4352)	4.02239990234375